       1       2      10      13
       2      13       2       2
       3       2      13       2
       4       2       4      15
       5      15       2      13
       6      13      15       2
       7       2       2      15
       8      15       2       4
       9       4       5       2
      10       2       6       5
      11       5       2       2
      12       2       5       2
      13       2       4      20
      14      20       2       3
      15       3      20       2
      16       2       7      20
      17      20       2       6
      18       6      20       2
      19       2       4      19
      20      19       2       8
      21       8      19       2
      22       2       2      19
      23      19       2       4
      24       4       5       2
      25       2       6       5
      26       5       2       2
      27       2       5       2
      28       2       4       4
      29       4       2       3
      30       3       4       2
      31       2       6       4
      32       4       2       2
      33       2       4       2
      34       2       4      14
      35      14       2      13
      36      13      14       2
      37       2       2      14
      38      14       2       4
      39       4       8       2
      40       2       6       8
      41       8       2      12
      42      12       8       2
      43       2       2       8
      44       8       2       4
      45       4      19       2
      46       2       8      19
      47      19       2       2
      48       2      19       2
      49       2       4       8
      50       8       2       6
      51       6       8       2
      52       2      12       8
      53       8       2       2
      54       2       8       2
      55       2       4       8
      56       8       2       6
      57       6       8       2
      58       2      12       8
      59       8       2       2
      60       2       8       2
      61       2       4       4
      62       4       2       3
      63       3       4       2
      64       2       6       4
      65       4       2       2
      66       2       4       2
      67       2       4       7
      68       7       2       9
      69       9       7       2
      70       2       7       7
      71       7       2       2
      72       2       7       2
      73       2       4      14
      74      14       2      13
      75      13      14       2
      76       2       2      14
      77      14       2       4
      78       4      13       2
      79       2       4      13
      80      13       2       2
      81       2      13       2
      82       2       4      13
      83      13       2       4
      84       4      13       2
      85       2       2      13
      86      13       2       4
      87       4      14       2
      88       2      13      14
      89      14       2       2
      90       2      14       2
      91       2       4       8
      92       8       2       6
      93       6       8       2
      94       2      12       8
      95       8       2       2
      96       2       8       2
      97       2       4      18
      98      18       2       3
      99       3      18       2
     100       2       8      18
     101      18       2       2
     102       2      18       2
     103       2       4      18
     104      18       2       3
     105       3      18       2
     106       2       8      18
     107      18       2       2
     108       2      18       2
     109       2       5      12
     110      12       2       2
     111       2      12       2
     112       2       4      16
     113      16       2      10
     114      10      16       2
     115       2       2      16
     116      16       2       4
     117       4      13       2
     118       2       4      13
     119      13       2       2
     120       2      13       2
     121       2       4      20
     122      20       2       3
     123       3      20       2
     124       2       7      20
     125      20       2       6
     126       6      20       2
     127       2       4      21
     128      21       2       8
     129       8      21       2
     130       2       2      21
     131      21       2       4
     132       4      19       2
     133       2       8      19
     134      19       2       2
     135       2      19       2
     136       2       4       5
     137       5       2       6
     138       6       5       2
     139       2       2       5
     140       5       2       4
     141       4      20       2
     142       2       3      20
     143      20       2       7
     144       7      20       2
     145       2       6      20
     146      20       2       4
     147       4       8       2
     148       2       6       8
     149       8       2      12
     150      12       8       2
     151       2       2       8
     152       8       2       4
     153       4       8       2
     154       2       6       8
     155       8       2      12
     156      12       8       2
     157       2       2       8
     158       8       2       4
     159       4       5       2
     160       2       6       5
     161       5       2       2
     162       2       5       2
     163       2       4      23
     164      23       2       3
     165       3      23       2
     166       2      11      23
     167      23       2       4
     168       4      10       2
     169       2       4      10
     170      10       2       4
     171       4      10       2
     172       2       2      10
     173      10       2       4
     174       4       9       2
     175       2       5       9
     176       9       2       2
     177       2       9       2
     178       2       4       5
     179       5       2       6
     180       6       5       2
     181       2       2       5
     182       5       2       4
     183       4      18       2
     184       2       3      18
     185      18       2       8
     186       8      18       2
     187       2       2      18
     188      18       2       4
     189       4      14       2
     190       2      13      14
     191      14       2       2
     192       2      14       2
     193       2       4      23
     194      23       2       3
     195       3      23       2
     196       2      11      23
     197      23       2       4
     198       4       4       2
     199       2       3       4
     200       4       2       6
     201       6       4       2
     202       2       2       4
     203       4       2       4
     204       4       4       2
     205       2       3       4
     206       4       2       6
     207       6       4       2
     208       2       2       4
     209       4       2       4
     210       4      20       2
     211       2       3      20
     212      20       2       7
     213       7      20       2
     214       2       6      20
     215      20       2       4
     216       4       5       2
     217       2       6       5
     218       5       2       2
     219       2       5       2
     220       2       4      13
     221      13       2       4
     222       4      13       2
     223       2       2      13
     224      13       2       4
     225       4       7       2
     226       2       9       7
     227       7       2       7
     228       7       7       2
     229       2       2       7
     230       7       2       4
     231       4       5       2
     232       2       6       5
     233       5       2       2
     234       2       5       2
     235       2       4      19
     236      19       2       8
     237       8      19       2
     238       2       2      19
     239      19       2       4
     240       4      18       2
     241       2       3      18
     242      18       2       8
     243       8      18       2
     244       2       2      18
     245      18       2       4
     246       4       4       2
     247       2       3       4
     248       4       2       6
     249       6       4       2
     250       2       2       4
     251       4       2       4
     252       4      14       2
     253       2      13      14
     254      14       2       2
     255       2      14       2
     256       2       4       4
     257       4       2       3
     258       3       4       2
     259       2       6       4
     260       4       2       2
     261       2       4       2
     262       2       4       9
     263       9       2       5
     264       5       9       2
     265       2       2       9
     266       9       2       4
     267       4      14       2
     268       2      13      14
     269      14       2       2
     270       2      14       2
     271       2       4      19
     272      19       2       8
     273       8      19       2
     274       2       2      19
     275      19       2       4
     276       4      15       2
     277       2      13      15
     278      15       2       2
     279       2      15       2
     280       2       4       4
     281       4       2       3
     282       3       4       2
     283       2       6       4
     284       4       2       2
     285       2       4       2
     286       2       4      16
     287      16       2      10
     288      10      16       2
     289       2       2      16
     290      16       2       4
     291       4       9       2
     292       2       5       9
     293       9       2       2
     294       2       9       2
     295       2       4      16
     296      16       2      10
     297      10      16       2
     298       2       2      16
     299      16       2       4
     300       4      13       2
     301       2       4      13
     302      13       2       2
     303       2      13       2
     304       2       5      12
     305      12       2       2
     306       2      12       2
     307       2       4       8
     308       8       2       6
     309       6       8       2
     310       2      12       8
     311       8       2       2
     312       2       8       2
     313       2       4      22
     314      22       2       3
     315       3      22       2
     316       2       8      22
     317      22       2       2
     318       2      22       2
     319       2       4      22
     320      22       2       3
     321       3      22       2
     322       2       8      22
     323      22       2       2
     324       2      22       2
     325       2       4      10
     326      10       2       4
     327       4      10       2
     328       2       4      10
     329      10       2       2
     330       2      10       2
     331       2       4       8
     332       8       2       6
     333       6       8       2
     334       2      12       8
     335       8       2       2
     336       2       8       2
     337       2       4       8
     338       8       2       6
     339       6       8       2
     340       2      12       8
     341       8       2       2
     342       2       8       2
     343       2       4      15
     344      15       2      13
     345      13      15       2
     346       2       2      15
     347      15       2       4
     348       4      22       2
     349       2       3      22
     350      22       2       8
     351       8      22       2
     352       2       2      22
     353      22       2       5
     354       5      12       2
     355       2       2      12
     356      12       2       4
     357       4       7       2
     358       2       9       7
     359       7       2       7
     360       7       7       2
     361       2       2       7
     362       7       2       4
     363       4      13       2
     364       2       4      13
     365      13       2       2
     366       2      13       2
     367       2       4       9
     368       9       2       5
     369       5       9       2
     370       2       2       9
     371       9       2       4
     372       4      20       2
     373       2       3      20
     374      20       2       7
     375       7      20       2
     376       2       6      20
     377      20       2       4
     378       4      16       2
     379       2      10      16
     380      16       2       2
     381       2      16       2
     382       2       4      10
     383      10       2       4
     384       4      10       2
     385       2       4      10
     386      10       2       2
     387       2      10       2
     388       2       4      14
     389      14       2      13
     390      13      14       2
     391       2       2      14
     392      14       2       4
     393       4      18       2
     394       2       3      18
     395      18       2       8
     396       8      18       2
     397       2       2      18
     398      18       2       4
     399       4       5       2
     400       2       6       5
     401       5       2       2
     402       2       5       2
     403       2       4      16
     404      16       2      10
     405      10      16       2
     406       2       2      16
     407      16       2       5
     408       5      12       2
     409       2       2      12
     410      12       2       5
     411       5      12       2
     412       2       2      12
     413      12       2       4
     414       4       8       2
     415       2       6       8
     416       8       2      12
     417      12       8       2
     418       2       2       8
     419       8       2       4
     420       4      15       2
     421       2      13      15
     422      15       2       2
     423       2      15       2
     424       2       4      18
     425      18       2       3
     426       3      18       2
     427       2       8      18
     428      18       2       2
     429       2      18       2
     430       2       4      14
     431      14       2      13
     432      13      14       2
     433       2       2      14
     434      14       2       4
     435       4       6       2
     436       2       3       6
     437       6       2       8
     438       8       6       2
     439       2       4       6
     440       6       2       2
     441       2       6       2
     442       2       4      16
     443      16       2      10
     444      10      16       2
     445       2       2      16
     446      16       2       4
     447       4      13       2
     448       2       4      13
     449      13       2       2
     450       2      13       2
     451       2       4       8
     452       8       2       6
     453       6       8       2
     454       2      12       8
     455       8       2       2
     456       2       8       2
     457       2       4       5
     458       5       2       6
     459       6       5       2
     460       2       2       5
     461       5       2       4
     462       4       9       2
     463       2       5       9
     464       9       2       2
     465       2       9       2
     466       2       4      14
     467      14       2      13
     468      13      14       2
     469       2       2      14
     470      14       2       4
     471       4      21       2
     472       2       8      21
     473      21       2       2
     474       2      21       2
     475       2       4       4
     476       4       2       3
     477       3       4       2
     478       2       6       4
     479       4       2       2
     480       2       4       2
     481       2       5      12
     482      12       2       2
     483       2      12       2
     484       2       4      16
     485      16       2      10
     486      10      16       2
     487       2       2      16
     488      16       2       4
     489       4       6       2
     490       2       3       6
     491       6       2       8
     492       8       6       2
     493       2       4       6
     494       6       2       2
     495       2       6       2
     496       2       4      19
     497      19       2       8
     498       8      19       2
     499       2       2      19
     500      19       2       4
     501       4       5       2
     502       2       6       5
     503       5       2       2
     504       2       5       2
     505       2       4      18
     506      18       2       3
     507       3      18       2
     508       2       8      18
     509      18       2       2
     510       2      18       2
     511       2       4      20
     512      20       2       3
     513       3      20       2
     514       2       7      20
     515      20       2       6
     516       6      20       2
     517       2       4       7
     518       7       2       9
     519       9       7       2
     520       2       7       7
     521       7       2       2
     522       2       7       2
     523       2       4       7
     524       7       2       9
     525       9       7       2
     526       2       7       7
     527       7       2       2
     528       2       7       2
     529       2       4      17
     530      17       2       3
     531       3      17       2
     532       2       6      17
     533      17       2       9
     534       9      17       2
     535       2       2      17
     536      17       2       4
     537       4       5       2
     538       2       6       5
     539       5       2       2
     540       2       5       2
     541       2       4      14
     542      14       2      13
     543      13      14       2
     544       2       2      14
     545      14       2       5
     546       5      12       2
     547       2       2      12
     548      12       2       4
     549       4       5       2
     550       2       6       5
     551       5       2       2
     552       2       5       2
     553       2       4      15
     554      15       2      13
     555      13      15       2
     556       2       2      15
     557      15       2       4
     558       4      15       2
     559       2      13      15
     560      15       2       2
     561       2      15       2
     562       2       5      12
     563      12       2       2
     564       2      12       2
     565       2       4      13
     566      13       2       4
     567       4      13       2
     568       2       2      13
     569      13       2       4
     570       4       8       2
     571       2       6       8
     572       8       2      12
     573      12       8       2
     574       2       2       8
     575       8       2       5
     576       5      12       2
     577       2       2      12
     578      12       2       4
     579       4      10       2
     580       2       4      10
     581      10       2       4
     582       4      10       2
     583       2       2      10
     584      10       2       4
     585       4      14       2
     586       2      13      14
     587      14       2       2
     588       2      14       2
     589       2       4      20
     590      20       2       3
     591       3      20       2
     592       2       7      20
     593      20       2       6
     594       6      20       2
     595       2       4       7
     596       7       2       9
     597       9       7       2
     598       2       7       7
     599       7       2       2
     600       2       7       2
     601       2       4      10
     602      10       2       4
     603       4      10       2
     604       2       4      10
     605      10       2       2
     606       2      10       2
     607       2       4      18
     608      18       2       3
     609       3      18       2
     610       2       8      18
     611      18       2       2
     612       2      18       2
     613       2       4      10
     614      10       2       4
     615       4      10       2
     616       2       4      10
     617      10       2       2
     618       2      10       2
     619       2       5      12
     620      12       2       2
     621       2      12       2
     622       2       4       4
     623       4       2       3
     624       3       4       2
     625       2       6       4
     626       4       2       2
     627       2       4       2
     628       2       4      14
     629      14       2      13
     630      13      14       2
     631       2       2      14
     632      14       2       4
     633       4       9       2
     634       2       5       9
     635       9       2       2
     636       2       9       2
     637       2       4      15
     638      15       2      13
     639      13      15       2
     640       2       2      15
     641      15       2       4
     642       4      23       2
     643       2       3      23
     644      23       2      11
     645      11      23       2
     646       2       4      11
     647      11       2       5
     648       5      11       2
     649       2       2      11
     650      11       2       4
     651       4      10       2
     652       2       4      10
     653      10       2       4
     654       4      10       2
     655       2       2      10
     656      10       2       4
     657       4       4       2
     658       2       3       4
     659       4       2       6
     660       6       4       2
     661       2       2       4
     662       4       2       4
     663       4      14       2
     664       2      13      14
     665      14       2       2
     666       2      14       2
     667       2       4       8
     668       8       2       6
     669       6       8       2
     670       2      12       8
     671       8       2       2
     672       2       8       2
     673       2       4      14
     674      14       2      13
     675      13      14       2
     676       2       2      14
     677      14       2       4
     678       4      14       2
     679       2      13      14
     680      14       2       2
     681       2      14       2
     682       2       4      10
     683      10       2       4
     684       4      10       2
     685       2       4      10
     686      10       2       2
     687       2      10       2
     688       2       4       7
     689       7       2       9
     690       9       7       2
     691       2       7       7
     692       7       2       2
     693       2       7       2
     694       2       4      13
     695      13       2       4
     696       4      13       2
     697       2       2      13
     698      13       2       4
     699       4      14       2
     700       2      13      14
     701      14       2       2
     702       2      14       2
     703       2       4       8
     704       8       2       6
     705       6       8       2
     706       2      12       8
     707       8       2       2
     708       2       8       2
     709       2       4      21
     710      21       2       8
     711       8      21       2
     712       2       2      21
     713      21       2       4
     714       4      14       2
     715       2      13      14
     716      14       2       2
     717       2      14       2
     718       2       4      21
     719      21       2       8
     720       8      21       2
     721       2       3      21
     722      21       2      12
     723      12       5       2
     724       2       2       5
     725       5       2       4
     726       4      18       2
     727       2       3      18
     728      18       2       8
     729       8      18       2
     730       2       2      18
     731      18       2       4
     732       4       4       2
     733       2       3       4
     734       4       2       6
     735       6       4       2
     736       2       2       4
     737       4       2       4
     738       4      16       2
     739       2      10      16
     740      16       2       2
     741       2      16       2
     742       2       4       8
     743       8       2       6
     744       6       8       2
     745       2      12       8
     746       8       2       2
     747       2       8       2
     748       2       4       6
     749       6       2       3
     750       3       6       2
     751       2       8       6
     752       6       2       4
     753       4       6       2
     754       2       2       6
     755       6       2       4
     756       4       8       2
     757       2       6       8
     758       8       2      12
     759      12       8       2
     760       2       2       8
     761       8       2       4
     762       4      18       2
     763       2       3      18
     764      18       2       8
     765       8      18       2
     766       2       2      18
     767      18       2       4
     768       4       8       2
     769       2       6       8
     770       8       2      12
     771      12       8       2
     772       2       2       8
     773       8       2       4
     774       4       6       2
     775       2       3       6
     776       6       2       8
     777       8       6       2
     778       2       4       6
     779       6       2       2
     780       2       6       2
     781       2       4      14
     782      14       2      13
     783      13      14       2
     784       2       2      14
     785      14       2       4
     786       4       5       2
     787       2       6       5
     788       5       2       2
     789       2       5       2
     790       2       4      14
     791      14       2      13
     792      13      14       2
     793       2       2      14
     794      14       2       4
     795       4      15       2
     796       2      13      15
     797      15       2       2
     798       2      15       2
     799       2       4      13
     800      13       2       4
     801       4      13       2
     802       2       2      13
     803      13       2       4
     804       4      19       2
     805       2       8      19
     806      19       2       2
     807       2      19       2
     808       2       4       5
     809       5       2       6
     810       6       5       2
     811       2       2       5
     812       5       2       4
     813       4       7       2
     814       2       9       7
     815       7       2       7
     816       7       7       2
     817       2       2       7
     818       7       2       4
     819       4       9       2
     820       2       5       9
     821       9       2       2
     822       2       9       2
     823       2       4       8
     824       8       2       6
     825       6       8       2
     826       2      12       8
     827       8       2       2
     828       2       8       2
     829       2       4      18
     830      18       2       3
     831       3      18       2
     832       2       8      18
     833      18       2       2
     834       2      18       2
     835       2       4      10
     836      10       2       4
     837       4      10       2
     838       2       4      10
     839      10       2       2
     840       2      10       2
     841       2       4      20
     842      20       2       3
     843       3      20       2
     844       2       7      20
     845      20       2       6
     846       6      20       2
     847       2       4      16
     848      16       2      10
     849      10      16       2
     850       2       2      16
     851      16       2       4
     852       4      16       2
     853       2      10      16
     854      16       2       2
     855       2      16       2
     856       2       4       8
     857       8       2       6
     858       6       8       2
     859       2      12       8
     860       8       2       2
     861       2       8       2
     862       2       4       9
     863       9       2       5
     864       5       9       2
     865       2       2       9
     866       9       2       4
     867       4       7       2
     868       2       9       7
     869       7       2       7
     870       7       7       2
     871       2       2       7
     872       7       2       4
     873       4      15       2
     874       2      13      15
     875      15       2       2
     876       2      15       2
     877       2       4      14
     878      14       2      13
     879      13      14       2
     880       2       2      14
     881      14       2       4
     882       4      13       2
     883       2       4      13
     884      13       2       2
     885       2      13       2
     886       2       4      13
     887      13       2       4
     888       4      13       2
     889       2       2      13
     890      13       2       4
     891       4      15       2
     892       2      13      15
     893      15       2       2
     894       2      15       2
     895       2       4       8
     896       8       2       6
     897       6       8       2
     898       2      12       8
     899       8       2       2
     900       2       8       2
     901       2       4      18
     902      18       2       3
     903       3      18       2
     904       2       8      18
     905      18       2       2
     906       2      18       2
     907       2       4      20
     908      20       2       3
     909       3      20       2
     910       2       7      20
     911      20       2       6
     912       6      20       2
     913       2       4      22
     914      22       2       3
     915       3      22       2
     916       2       8      22
     917      22       2       2
     918       2      22       2
     919       2       4      16
     920      16       2      10
     921      10      16       2
     922       2       2      16
     923      16       2       4
     924       4      13       2
     925       2       4      13
     926      13       2       2
     927       2      13       2
     928       2       4       8
     929       8       2       6
     930       6       8       2
     931       2      12       8
     932       8       2       2
     933       2       8       2
     934       2       5      12
     935      12       2       2
     936       2      12       2
     937       2       4      20
     938      20       2       3
     939       3      20       2
     940       2       7      20
     941      20       2       6
     942       6      20       2
     943       2       4      22
     944      22       2       3
     945       3      22       2
     946       2       8      22
     947      22       2       2
     948       2      22       2
     949       2       4       4
     950       4       2       3
     951       3       4       2
     952       2       6       4
     953       4       2       2
     954       2       4       2
     955       2       4      16
     956      16       2      10
     957      10      16       2
     958       2       2      16
     959      16       2       4
     960       4       4       2
     961       2       3       4
     962       4       2       6
     963       6       4       2
     964       2       2       4
     965       4       2       4
     966       4      10       2
     967       2       4      10
     968      10       2       4
     969       4      10       2
     970       2       2      10
     971      10       2       4
     972       4      21       2
     973       2       8      21
     974      21       2       2
     975       2      21       2
     976       2       4      22
     977      22       2       3
     978       3      22       2
     979       2       8      22
     980      22       2       2
     981       2      22       2
     982       2       4      22
     983      22       2       3
     984       3      22       2
     985       2       8      22
     986      22       2       2
     987       2      22       2
     988       2       4      18
     989      18       2       3
     990       3      18       2
     991       2       8      18
     992      18       2       2
     993       2      18       2
     994       2       4      16
     995      16       2      10
     996      10      16       2
     997       2       2      16
     998      16       2       4
     999       4      15       2
    1000       2      13      15
    1001      15       2       2
    1002       2      15       2
    1003       2       4      21
    1004      21       2       8
    1005       8      21       2
    1006       2       2      21
    1007      21       2       5
    1008       5      12       2
    1009       2       2      12
    1010      12       2       5
    1011       5      12       2
    1012       2       2      12
    1013      12       2       4
    1014       4      13       2
    1015       2       4      13
    1016      13       2       2
    1017       2      13       2
    1018       2       4       9
    1019       9       2       5
    1020       5       9       2
    1021       2       2       9
    1022       9       2       4
    1023       4      13       2
    1024       2       4      13
    1025      13       2       2
    1026       2      13       2
    1027       2       4       8
    1028       8       2       6
    1029       6       8       2
    1030       2      12       8
    1031       8       2       2
    1032       2       8       2
    1033       2       4      21
    1034      21       2       8
    1035       8      21       2
    1036       2       2      21
    1037      21       2       4
    1038       4      20       2
    1039       2       3      20
    1040      20       2       7
    1041       7      20       2
    1042       2       6      20
    1043      20       2       4
    1044       4      15       2
    1045       2      13      15
    1046      15       2       2
    1047       2      15       2
    1048       2       4      10
    1049      10       2       4
    1050       4      10       2
    1051       2       4      10
    1052      10       2       2
    1053       2      10       2
    1054       2       4      23
    1055      23       2       3
    1056       3      23       2
    1057       2      11      23
    1058      23       2       4
    1059       4      23       2
    1060       2       3      23
    1061      23       2      11
    1062      11      23       2
    1063       2       4      19
    1064      19       2       8
    1065       8      19       2
    1066       2       2      19
    1067      19       2       4
    1068       4      13       2
    1069       2       4      13
    1070      13       2       2
    1071       2      13       2
    1072       2       4      14
    1073      14       2      13
    1074      13      14       2
    1075       2       2      14
    1076      14       2       4
    1077       4       5       2
    1078       2       6       5
    1079       5       2       2
    1080       2       5       2
    1081       2       4      14
    1082      14       2      13
    1083      13      14       2
    1084       2       2      14
    1085      14       2       4
    1086       4       5       2
    1087       2       6       5
    1088       5       2       2
    1089       2       5       2
    1090       2       4      22
    1091      22       2       3
    1092       3      22       2
    1093       2       8      22
    1094      22       2       2
    1095       2      22       2
    1096       2       4       6
    1097       6       2       3
    1098       3       6       2
    1099       2       8       6
    1100       6       2       4
    1101       4       6       2
    1102       2       2       6
    1103       6       2       4
    1104       4      14       2
    1105       2      13      14
    1106      14       2       2
    1107       2      14       2
    1108       2       4       8
    1109       8       2       6
    1110       6       8       2
    1111       2      12       8
    1112       8       2       2
    1113       2       8       2
    1114       2       4      15
    1115      15       2      13
    1116      13      15       2
    1117       2       2      15
    1118      15       2       4
    1119       4      13       2
    1120       2       4      13
    1121      13       2       2
    1122       2      13       2
    1123       2       4      21
    1124      21       2       8
    1125       8      21       2
    1126       2       2      21
    1127      21       2       4
    1128       4       4       2
    1129       2       3       4
    1130       4       2       6
    1131       6       4       2
    1132       2       2       4
    1133       4       2       4
    1134       4      14       2
    1135       2      13      14
    1136      14       2       2
    1137       2      14       2
    1138       2       4       6
    1139       6       2       3
    1140       3       6       2
    1141       2       8       6
    1142       6       2       4
    1143       4       6       2
    1144       2       2       6
    1145       6       2       4
    1146       4      14       2
    1147       2      13      14
    1148      14       2       2
    1149       2      14       2
    1150       2       4       7
    1151       7       2       9
    1152       9       7       2
    1153       2       7       7
    1154       7       2       2
    1155       2       7       2
    1156       2       4       8
    1157       8       2       6
    1158       6       8       2
    1159       2      12       8
    1160       8       2       2
    1161       2       8       2
    1162       2       4      14
    1163      14       2      13
    1164      13      14       2
    1165       2       2      14
    1166      14       2       4
    1167       4      16       2
    1168       2      10      16
    1169      16       2       2
    1170       2      16       2
    1171       2       4      16
    1172      16       2      10
    1173      10      16       2
    1174       2       2      16
    1175      16       2       5
    1176       5      12       2
    1177       2       2      12
    1178      12       2       5
    1179       5      12       2
    1180       2       2      12
    1181      12       2       4
    1182       4      20       2
    1183       2       3      20
    1184      20       2       7
    1185       7      20       2
    1186       2       6      20
    1187      20       2       4
    1188       4       4       2
    1189       2       3       4
    1190       4       2       6
    1191       6       4       2
    1192       2       2       4
    1193       4       2       4
    1194       4       8       2
    1195       2       6       8
    1196       8       2      12
    1197      12       8       2
    1198       2       2       8
    1199       8       2       4
    1200       4      16       2
    1201       2      10      16
    1202      16       2       2
    1203       2      16       2
    1204       2       4      20
    1205      20       2       3
    1206       3      20       2
    1207       2       7      20
    1208      20       2       6
    1209       6      20       2
    1210       2       4       4
    1211       4       2       3
    1212       3       4       2
    1213       2       6       4
    1214       4       2       2
    1215       2       4       2
    1216       2       4      15
    1217      15       2      13
    1218      13      15       2
    1219       2       2      15
    1220      15       2       4
    1221       4      19       2
    1222       2       8      19
    1223      19       2       2
    1224       2      19       2
    1225       2       4       8
    1226       8       2       6
    1227       6       8       2
    1228       2      12       8
    1229       8       2       2
    1230       2       8       2
    1231       2       4      19
    1232      19       2       8
    1233       8      19       2
    1234       2       2      19
    1235      19       2       4
    1236       4      20       2
    1237       2       3      20
    1238      20       2       7
    1239       7      20       2
    1240       2       6      20
    1241      20       2       4
    1242       4       8       2
    1243       2       6       8
    1244       8       2      12
    1245      12       8       2
    1246       2       2       8
    1247       8       2       4
    1248       4      19       2
    1249       2       8      19
    1250      19       2       2
    1251       2      19       2
    1252       2       4       4
    1253       4       2       3
    1254       3       4       2
    1255       2       6       4
    1256       4       2       2
    1257       2       4       2
    1258       2       5      12
    1259      12       2       2
    1260       2      12       2
    1261       2       4      15
    1262      15       2      13
    1263      13      15       2
    1264       2       2      15
    1265      15       2       4
    1266       4       9       2
    1267       2       5       9
    1268       9       2       2
    1269       2       9       2
    1270       2       4      16
    1271      16       2      10
    1272      10      16       2
    1273       2       2      16
    1274      16       2       4
    1275       4       8       2
    1276       2       6       8
    1277       8       2      12
    1278      12       8       2
    1279       2       2       8
    1280       8       2       4
    1281       4      23       2
    1282       2       3      23
    1283      23       2      11
    1284      11      23       2
    1285       2       4      19
    1286      19       2       8
    1287       8      19       2
    1288       2       2      19
    1289      19       2       4
    1290       4      21       2
    1291       2       8      21
    1292      21       2       2
    1293       2      21       2
    1294       2       4       4
    1295       4       2       3
    1296       3       4       2
    1297       2       6       4
    1298       4       2       2
    1299       2       4       2
    1300       2       4      20
    1301      20       2       3
    1302       3      20       2
    1303       2       7      20
    1304      20       2       6
    1305       6      20       2
    1306       2       4      10
    1307      10       2       4
    1308       4      10       2
    1309       2       4      10
    1310      10       2       2
    1311       2      10       2
    1312       2       4      22
    1313      22       2       3
    1314       3      22       2
    1315       2       8      22
    1316      22       2       2
    1317       2      22       2
    1318       2       4      22
    1319      22       2       3
    1320       3      22       2
    1321       2       8      22
    1322      22       2       2
    1323       2      22       2
    1324       2       4       4
    1325       4       2       3
    1326       3       4       2
    1327       2       6       4
    1328       4       2       2
    1329       2       4       2
    1330       2       4      14
    1331      14       2      13
    1332      13      14       2
    1333       2       2      14
    1334      14       2       4
    1335       4       6       2
    1336       2       3       6
    1337       6       2       8
    1338       8       6       2
    1339       2       4       6
    1340       6       2       2
    1341       2       6       2
    1342       2       4      22
    1343      22       2       3
    1344       3      22       2
    1345       2       8      22
    1346      22       2       2
    1347       2      22       2
    1348       2       4      13
    1349      13       2       4
    1350       4      13       2
    1351       2       2      13
    1352      13       2       4
    1353       4       6       2
    1354       2       3       6
    1355       6       2       8
    1356       8       6       2
    1357       2       4       6
    1358       6       2       2
    1359       2       6       2
    1360       2       4      13
    1361      13       2       4
    1362       4      13       2
    1363       2       2      13
    1364      13       2       4
    1365       4       5       2
    1366       2       6       5
    1367       5       2       2
    1368       2       5       2
    1369       2       4       6
    1370       6       2       3
    1371       3       6       2
    1372       2       8       6
    1373       6       2       4
    1374       4       6       2
    1375       2       2       6
    1376       6       2       4
    1377       4      23       2
    1378       2       3      23
    1379      23       2      11
    1380      11      23       2
    1381       2       4       5
    1382       5       2       6
    1383       6       5       2
    1384       2       2       5
    1385       5       2       4
    1386       4      14       2
    1387       2      13      14
    1388      14       2       2
    1389       2      14       2
    1390       2       4      15
    1391      15       2      13
    1392      13      15       2
    1393       2       2      15
    1394      15       2       4
    1395       4       4       2
    1396       2       3       4
    1397       4       2       6
    1398       6       4       2
    1399       2       2       4
    1400       4       2       4
    1401       4      14       2
    1402       2      13      14
    1403      14       2       2
    1404       2      14       2
    1405       2       4      10
    1406      10       2       4
    1407       4      10       2
    1408       2       4      10
    1409      10       2       2
    1410       2      10       2
    1411       2       4       4
    1412       4       2       3
    1413       3       4       2
    1414       2       6       4
    1415       4       2       2
    1416       2       4       2
    1417       2       4       9
    1418       9       2       5
    1419       5       9       2
    1420       2       2       9
    1421       9       2       4
    1422       4      14       2
    1423       2      13      14
    1424      14       2       2
    1425       2      14       2
    1426       2       4      20
    1427      20       2       3
    1428       3      20       2
    1429       2       7      20
    1430      20       2       6
    1431       6      20       2
    1432       2       4       8
    1433       8       2       6
    1434       6       8       2
    1435       2      12       8
    1436       8       2       2
    1437       2       8       2
    1438       2       4      10
    1439      10       2       4
    1440       4      10       2
    1441       2       4      10
    1442      10       2       2
    1443       2      10       2
    1444       2       4      14
    1445      14       2      13
    1446      13      14       2
    1447       2       2      14
    1448      14       2       4
    1449       4      13       2
    1450       2       4      13
    1451      13       2       2
    1452       2      13       2
    1453       2       4      18
    1454      18       2       3
    1455       3      18       2
    1456       2       8      18
    1457      18       2       2
    1458       2      18       2
    1459       2       4       4
    1460       4       2       3
    1461       3       4       2
    1462       2       6       4
    1463       4       2       2
    1464       2       4       2
    1465       2       4      16
    1466      16       2      10
    1467      10      16       2
    1468       2       2      16
    1469      16       2       4
    1470       4      14       2
    1471       2      13      14
    1472      14       2       2
    1473       2      14       2
    1474       2       5      12
    1475      12       2       2
    1476       2      12       2
    1477       2       4      10
    1478      10       2       4
    1479       4      10       2
    1480       2       4      10
    1481      10       2       2
    1482       2      10       2
    1483       2       4      10
    1484      10       2       4
    1485       4      10       2
    1486       2       4      10
    1487      10       2       2
    1488       2      10       2
    1489       2       4       7
    1490       7       2       9
    1491       9       7       2
    1492       2       7       7
    1493       7       2       2
    1494       2       7       2
    1495       2       4      16
    1496      16       2      10
    1497      10      16       2
    1498       2       2      16
    1499      16       2       4
    1500       4      10       2
    1501       2       4      10
    1502      10       2       4
    1503       4      10       2
    1504       2       2      10
    1505      10       2       4
    1506       4       6       2
    1507       2       3       6
    1508       6       2       8
    1509       8       6       2
    1510       2       4       6
    1511       6       2       2
    1512       2       6       2
    1513       2       5      12
    1514      12       2       2
    1515       2      12       2
    1516       2       4       4
    1517       4       2       3
    1518       3       4       2
    1519       2       6       4
    1520       4       2       2
    1521       2       4       2
    1522       2       4      23
    1523      23       2       3
    1524       3      23       2
    1525       2      11      23
    1526      23       2       4
    1527       4      16       2
    1528       2      10      16
    1529      16       2       2
    1530       2      16       2
    1531       2       4      20
    1532      20       2       3
    1533       3      20       2
    1534       2       7      20
    1535      20       2       6
    1536       6      20       2
    1537       2       4       5
    1538       5       2       6
    1539       6       5       2
    1540       2       2       5
    1541       5       2       4
    1542       4      20       2
    1543       2       3      20
    1544      20       2       7
    1545       7      20       2
    1546       2       6      20
    1547      20       2       5
    1548       5      12       2
    1549       2       2      12
    1550      12       2       4
    1551       4       7       2
    1552       2       9       7
    1553       7       2       7
    1554       7       7       2
    1555       2       2       7
    1556       7       2       4
    1557       4      21       2
    1558       2       8      21
    1559      21       2       2
    1560       2      21       2
    1561       2       4      20
    1562      20       2       3
    1563       3      20       2
    1564       2       7      20
    1565      20       2       6
    1566       6      20       2
    1567       2       4       4
    1568       4       2       3
    1569       3       4       2
    1570       2       6       4
    1571       4       2       2
    1572       2       4       2
    1573       2       4       7
    1574       7       2       9
    1575       9       7       2
    1576       2       7       7
    1577       7       2       2
    1578       2       7       2
    1579       2       4      14
    1580      14       2      13
    1581      13      14       2
    1582       2       2      14
    1583      14       2       4
    1584       4      10       2
    1585       2       4      10
    1586      10       2       4
    1587       4      10       2
    1588       2       2      10
    1589      10       2       4
    1590       4      22       2
    1591       2       3      22
    1592      22       2       8
    1593       8      22       2
    1594       2       2      22
    1595      22       2       4
    1596       4       8       2
    1597       2       6       8
    1598       8       2      12
    1599      12       8       2
    1600       2       2       8
    1601       8       2       4
    1602       4       4       2
    1603       2       3       4
    1604       4       2       6
    1605       6       4       2
    1606       2       2       4
    1607       4       2       4
    1608       4      13       2
    1609       2       4      13
    1610      13       2       2
    1611       2      13       2
    1612       2       4      15
    1613      15       2      13
    1614      13      15       2
    1615       2       2      15
    1616      15       2       4
    1617       4       7       2
    1618       2       9       7
    1619       7       2       7
    1620       7       7       2
    1621       2       2       7
    1622       7       2       4
    1623       4       7       2
    1624       2       9       7
    1625       7       2       7
    1626       7       7       2
    1627       2       2       7
    1628       7       2       4
    1629       4       6       2
    1630       2       3       6
    1631       6       2       8
    1632       8       6       2
    1633       2       4       6
    1634       6       2       2
    1635       2       6       2
    1636       2       4       8
    1637       8       2       6
    1638       6       8       2
    1639       2      12       8
    1640       8       2       2
    1641       2       8       2
    1642       2       4      21
    1643      21       2       8
    1644       8      21       2
    1645       2       2      21
    1646      21       2       4
    1647       4       4       2
    1648       2       3       4
    1649       4       2       6
    1650       6       4       2
